/*--------------------------------*- C++ -*----------------------------------*\
| =========                 |                                                 |
| \\      /  F ield         | OpenFOAM: The Open Source CFD Toolbox           |
|  \\    /   O peration     | Version:  2406                                  |
|   \\  /    A nd           | Website:  www.openfoam.com                      |
|    \\/     M anipulation  |                                                 |
\*---------------------------------------------------------------------------*/
FoamFile
{
    version     2.0;
    format      ascii;
    arch        "LSB;label=32;scalar=64";
    class       pointSet;
    location    "constant/polyMesh/sets";
    object      nonManifoldPoints;
}
// * * * * * * * * * * * * * * * * * * * * * * * * * * * * * * * * * * * * * //


3273
(
57375
57376
57377
57378
57379
57380
57381
69669
57382
69670
57383
69671
57384
69672
57385
69673
57386
69674
110646
110647
110648
122937
110649
122938
110650
110651
86109
86110
86111
86112
86113
86114
73827
73828
73829
73830
73831
73832
57453
122989
57454
122990
57455
122991
57456
122992
57457
57458
57459
57460
57461
57462
57463
57464
94353
94354
94355
94356
94357
123029
94358
123040
123041
123042
123043
123044
110772
131253
110773
131254
110774
131255
110775
131256
110776
131257
110777
131258
131259
131260
131261
106686
131262
106687
131263
106688
131264
106689
106690
106691
123107
123108
94437
123109
94438
94439
94440
94441
94442
123120
123121
123122
123123
123124
53517
53518
53519
53520
53521
53522
123156
123157
123158
123159
123160
110898
131379
110899
131380
110900
131381
110901
131382
110902
131383
110903
131384
90435
90436
90437
90438
90439
90440
61773
61774
61775
127311
61776
127312
61777
127313
61778
127314
127315
127316
45401
45402
45405
45407
45409
45410
45413
65895
65896
65897
65898
65899
65900
45453
45455
45456
90513
45457
90514
90515
90516
90517
90518
45462
45463
45466
45467
45468
70059
70060
70061
70062
70063
70064
111024
70065
111025
70066
111026
70067
111027
70068
111028
70069
111029
70070
131511
131512
131513
131514
131515
131516
127437
127438
127439
127440
127441
127442
86517
86518
86519
86520
86521
70137
86522
70138
70139
70140
70141
70142
57867
57868
57869
57870
57871
57872
49682
49683
49684
49685
49686
49687
49688
49689
49690
49691
49692
49693
49694
49695
49696
49697
49698
49699
49701
45607
49703
45608
49704
131625
49705
131626
49706
131627
49707
131628
131629
49709
131630
111150
111151
49711
111152
49712
111153
49713
111154
49714
111155
49715
49716
49717
49718
49719
49720
49721
49722
49723
49724
49725
49726
49727
49728
49729
49730
49731
49732
49733
49734
49735
49736
86601
49737
86602
107082
49738
86603
107083
49739
86604
107084
49740
86605
107085
49741
86606
107086
49742
107087
49743
49744
49745
49746
49747
49748
49749
49750
49751
49752
49753
49754
49755
49756
49757
49758
57951
49759
57952
49760
57953
49761
57954
49762
57955
49763
57956
49764
49765
49766
49767
49768
49769
49771
49773
49775
49778
49779
49780
49781
49782
49783
49784
49785
49786
49787
49788
49789
49790
49791
49792
49793
49794
94851
49795
94852
49796
94853
49797
94854
49798
94855
49799
94856
49800
49801
49802
49803
49804
49805
49806
49807
49808
74385
49809
74386
49810
74387
49811
74388
49812
82581
74389
45717
49813
82582
74390
45718
49814
82583
82584
82585
45721
82586
45723
49820
49821
45725
49822
45726
49823
49824
49825
45729
49826
45730
49827
49828
49829
49830
111270
45734
49831
111271
131751
45735
49832
111272
131752
49833
111273
131753
49834
111274
131754
49835
111275
131755
49836
131756
49837
49838
49839
49840
49841
49842
49843
49844
49845
49846
53943
49847
53944
49848
53945
49849
53946
49850
53947
49851
53948
49852
49853
49854
49855
49856
49857
49858
49859
49863
49864
49865
49866
49867
49869
107214
49870
107215
107216
49872
94929
107217
94930
107218
94931
107219
94932
41684
94933
49877
41685
94934
49878
94935
49879
94936
49880
62169
94937
49881
41689
62170
94938
49882
41690
62171
94939
49883
62172
94940
49884
62173
49885
62174
49886
49887
49888
49889
49890
49891
49892
49893
49894
49895
49896
82665
49897
82666
49898
82667
49899
82668
49900
82669
82670
49904
45814
49910
45815
45816
49912
49913
49914
49915
45820
49916
49917
45822
49918
49919
49920
45825
49921
45826
49922
49923
49924
49925
49926
49927
49928
49929
49930
49931
49932
49933
49934
49935
49936
49938
49939
49944
49946
49948
49949
111390
49950
111391
49951
111392
49952
111393
49953
111394
49954
111395
49955
49956
49957
49958
49959
49960
90921
78633
49961
90922
78634
49962
90923
78635
49963
90924
78636
49964
90925
78637
49965
90926
78638
49966
49967
49968
49969
49970
49971
49972
66357
49973
66358
49974
66359
49975
66360
49976
66361
49977
66362
49978
66363
49979
66364
49980
66365
49981
66366
49982
66367
49983
66368
49988
49989
49990
127815
49991
127816
49992
127817
49993
127818
49994
127819
49995
127820
49996
49997
49998
49999
50000
50001
50002
50003
50004
50005
50006
50007
50008
50009
50010
50011
50012
50013
50015
50016
50017
50018
50019
50020
50021
50022
50023
50024
50025
50026
50027
50028
50029
50030
50031
50032
50033
50034
50035
50036
50037
50038
78711
90999
50039
78712
91000
50040
78713
91001
50041
78714
91002
50042
78715
91003
50043
78716
91004
50044
91005
50045
91006
50046
91007
70527
50047
91008
70528
50048
91009
70529
50049
91010
70530
50050
70531
66435
50051
70532
66436
50052
66437
50053
66438
50054
66439
50055
66440
50056
50057
50058
50059
50060
50061
50062
50063
50064
50065
131985
50066
131986
50067
131987
50068
131988
50069
131989
50070
131990
50071
131991
50072
131992
50073
131993
50074
131994
50075
131995
50076
131996
50077
50078
50079
50080
50081
50082
50083
50084
50085
50086
50087
50088
50089
50090
50091
50092
50093
50094
50096
50100
50102
50103
50107
50108
50109
50110
50111
50112
50113
50114
50115
50116
50117
50118
50119
50120
50121
123849
50122
50123
50124
50125
50126
103375
50128
103376
50130
50131
50132
50133
50134
50142
50143
50144
50145
50146
50147
50148
50149
50150
50151
50152
50153
50154
50155
50156
50157
50158
50159
50160
50161
50162
50163
46068
50164
50165
46070
50166
58359
46071
50167
58360
46072
50168
58361
50169
58362
50170
58363
50171
58364
46076
50172
50173
46078
50174
50175
46080
50176
50177
46082
50178
46083
50179
103427
50180
103428
50181
103429
46086
50182
103430
50183
50184
50185
132105
50186
132106
50187
132107
50188
132108
50189
132109
50190
132110
50191
50192
50193
50194
50195
50196
50197
123925
50198
123926
50199
123927
50200
123928
50201
123929
50202
50203
50204
50205
50206
50207
50208
50209
50210
74787
50211
74788
50212
123940
74789
50213
123941
74790
50214
123942
74791
50215
123943
74792
50216
50217
50218
50219
103467
50220
50221
50222
50223
50224
50225
50226
50227
50228
87093
50229
87094
50230
103478
87095
50231
103479
87096
50232
103480
87097
50233
103481
87098
50234
103482
50235
50236
50237
128061
50238
128062
50239
128063
50240
128064
50241
128065
50242
128066
50243
128067
50244
128068
58437
50245
128069
58438
50246
128070
58439
50247
128071
58440
50248
128072
58441
50249
58442
50250
58443
50251
58444
50252
58445
50253
58446
58447
58448
50257
50258
50260
123989
123990
50264
50265
50266
50267
50268
50269
50270
50271
50272
50273
50274
50275
50276
50277
50278
107622
50279
107623
50280
107624
50281
107625
50282
107626
50283
107627
50284
50285
124013
50286
124014
50287
124015
50288
124016
50289
124017
50290
50291
50292
124020
95349
50293
95350
50294
95351
50295
95352
50296
95353
50297
103545
95354
50298
103546
50299
103547
50300
50301
50302
50303
50305
50309
50310
103558
103559
132231
103560
132232
50313
103561
132233
103562
132234
132235
132236
50317
50318
50319
50320
50321
50322
50323
50324
50325
50326
50327
50328
50329
50330
50331
50332
50333
50334
50335
62631
62632
62633
50345
62634
103594
62635
103595
50347
62636
103596
62637
103597
50349
62638
103598
62639
50351
62640
50352
62641
50353
62642
50354
50355
50356
124085
50357
124086
50358
124087
50359
124088
50360
124089
50361
50362
128187
50363
128188
50364
128189
50365
128190
50366
128191
50367
128192
50368
128193
50369
128194
50370
128195
50371
128196
50372
128197
50373
128198
50374
50375
50376
50378
50381
50382
50383
50384
50387
50388
50389
50390
50391
50392
50393
50394
50395
50396
50397
46301
50398
50399
50400
50403
50404
50405
50406
50407
50408
50409
50410
54507
50411
54508
50412
54509
50413
54510
50414
54511
50415
54512
107760
50416
54513
107761
50417
54514
107762
50418
54515
107763
50419
54516
107764
50420
54517
62709
107765
50421
54518
62710
46326
50422
62711
46327
50423
62712
50424
62713
132345
50425
62714
132346
50426
46331
132347
50427
46332
132348
50428
132349
50429
132350
50430
50431
50432
50433
50434
50435
50436
50437
50438
50439
50440
66825
50441
66826
50442
66827
50443
66828
46348
50444
66829
50445
66830
46350
50446
46351
50447
50448
50449
46354
46355
50452
91413
91414
91415
46359
91416
46360
91417
46361
50457
91418
50458
50459
50460
46365
50461
50462
46367
50463
50464
50465
50466
50467
50468
50473
50474
50475
50476
50477
50478
50479
50480
50481
50482
50483
50484
50485
50486
50488
50489
128313
50490
128314
50491
128315
50492
128316
50493
128317
50494
128318
50497
50498
50501
50502
50503
50504
50505
50506
50507
50508
50509
42317
50510
42318
50511
50512
50513
42321
50514
42322
50515
42323
50519
71001
50521
71002
71003
50523
71004
71005
71006
91491
91492
91493
91494
91495
50535
91496
50536
91497
50537
91498
50538
91499
50539
91500
50540
91501
50541
91502
46446
50542
50543
46448
50544
46449
50545
50546
50547
46452
50548
46453
50549
50550
50551
46456
50552
50553
50554
50555
50556
50557
50558
50559
50560
50562
50563
50564
50565
50566
50576
50577
50578
50579
50581
50583
50584
50585
50586
50587
50588
50589
50590
50591
50592
50593
50594
50595
50596
50597
50598
50599
50600
50602
50604
50605
50606
50607
50608
50609
50610
50611
50612
50613
50614
128439
50615
128440
50616
128441
50617
128442
50618
128443
50619
128444
128445
128446
50622
128447
128448
128449
50625
128450
50626
50627
50628
50629
50630
50631
50632
50633
50634
50635
50636
87501
50637
87502
50638
87503
50639
87504
50640
87505
58833
50641
87506
58834
50642
58835
50643
58836
50644
58837
50645
58838
50646
58839
46551
50647
58840
50648
58841
50649
58842
46554
50650
58843
46555
50651
58844
46556
50652
50653
50654
50655
50656
46561
50657
46562
50658
46563
50659
50660
50661
50662
50663
124392
50664
124393
50665
124395
50667
124397
50670
50671
124400
50672
124401
50673
124402
124403
124404
50677
124405
50678
124406
50679
124407
50680
124408
50681
124409
50682
124410
50683
124411
50684
124412
50685
124413
50686
124414
50687
124415
50688
50689
50690
50691
50692
124420
50693
124421
50694
50695
50696
50697
50698
50699
50700
50701
50702
50703
124432
50704
124433
50706
124434
50707
124435
50708
124436
50709
124437
50710
50711
124439
50712
50713
50714
124442
50715
42523
50716
50717
124445
50718
124446
50719
124447
50720
124448
50721
124449
124450
50722
124451
50723
124452
50724
58917
124453
50725
58918
124454
50726
58919
124455
50727
58920
124456
50728
58921
124457
50729
58922
124458
50730
124459
50731
124460
50732
124461
50733
124462
50734
124463
50735
124464
50736
124465
50737
124466
50738
124467
50739
124468
50740
128565
124469
50741
128566
124470
50742
128567
124471
50743
128568
124472
50744
128569
124473
50745
128570
124474
50746
124475
50747
124476
50748
124477
50749
42557
124478
124479
42559
124481
42561
50754
50755
42563
50756
50757
50758
124487
50759
50760
50761
50762
50763
50764
50765
50766
124495
50767
50768
124497
50769
124498
50770
50771
50772
124501
50773
50774
46679
50775
124504
50776
124505
46681
50777
124506
46682
50778
124507
50779
124508
50780
75357
124509
46685
50781
75358
124510
46686
50782
75359
124511
50783
75360
124512
50784
75361
132705
124513
50785
75362
132706
124514
50786
132707
124515
50787
132708
124516
50788
132709
124517
50789
132710
124518
50790
95847
124519
50791
95848
50792
95849
50793
95850
50794
95851
124523
50795
95852
50796
83565
124525
50797
83566
50798
83567
50799
83568
50800
83569
50801
83570
50802
50803
50804
50805
50806
50807
50808
50809
50810
50811
50812
50813
50814
50815
50816
63105
50817
63106
50818
63107
50819
63108
50820
63109
50821
63110
50822
50823
124552
50824
54921
124553
50825
54922
124554
50826
54923
124555
50827
54924
124556
50828
54925
124557
50829
54926
124558
108174
50830
54927
124559
108175
50831
54928
124560
108176
50832
54929
124561
108177
50833
54930
124562
108178
50834
54931
124563
108179
50835
54932
124564
50836
124565
50837
124566
50838
124567
50839
124568
50840
124569
50841
124570
50842
124571
50843
124572
46748
50844
124573
46749
50845
124574
50846
124575
50847
124576
50848
50849
50850
50851
50852
50853
50854
50855
50856
50857
50858
50859
50860
50861
50862
50863
50864
50865
50866
128691
50867
128692
50868
95925
128693
50869
95926
128694
50870
95927
128695
50871
95928
124600
128696
50872
95929
124601
50873
95930
124602
50874
95931
124603
50875
95932
124604
50876
95933
124605
50877
95934
124606
50878
95935
124607
50879
95936
124608
50880
83649
124609
50881
83650
124610
50882
83651
124611
50883
83652
124612
50884
83653
124613
50885
83654
124614
50886
124615
50887
124616
50888
124617
50889
124618
50890
124619
50891
124620
50892
124621
50893
124622
50894
50895
50896
67281
50897
67282
50898
67283
50899
67284
50900
67285
50901
67286
108246
50902
67287
108247
50903
67288
108248
50904
67289
108249
50905
67290
108250
50906
67291
108251
50907
67292
50908
50909
50910
50911
50912
50913
50914
50915
50916
50917
50918
50919
50920
50921
50922
50923
50924
50925
50932
79605
50933
79606
50934
79607
50935
79608
50936
79609
79610
91905
91906
91907
91908
91909
91910
42758
42760
50954
42762
50955
50956
42764
50957
50958
50959
42767
50960
42768
50961
42769
50962
50964
50965
42773
50966
50967
42775
50968
50969
50970
50971
50972
50973
50974
50975
50976
50977
50978
50979
50984
50985
50986
50987
50988
128817
128818
128819
128820
128821
128822
128823
128824
128825
128826
51003
128827
128828
51010
51011
51012
51013
51014
51015
51016
51017
79689
51018
79690
51019
79691
51020
79692
51021
79693
79694
91983
91984
91985
132945
51026
91986
132946
51027
91987
132947
51028
91988
132948
91989
51029
132949
91990
132950
91991
91992
91993
91994
104287
108384
108385
108386
108387
108388
108389
51057
51058
51059
51060
51061
71541
51062
71542
51063
71543
51064
71544
51065
71545
51066
71546
51067
51068
51069
51070
51071
51072
51076
51077
51078
51079
51080
51081
51082
51083
51084
51085
51086
51087
51088
51089
51090
51091
51092
51093
51094
51097
51098
51099
51100
51101
51102
51103
51104
51105
51106
108450
108451
108452
108453
108454
108455
47017
104363
47019
104364
47020
104365
47021
104366
128943
104367
128944
128945
51122
128946
116658
51123
128947
116659
51124
128948
116660
51125
116661
51126
116662
59319
51127
116663
42935
59320
51128
42936
59321
51129
42937
59322
51130
104378
42938
59323
51131
104379
59324
51132
104380
51133
104381
51134
42942
51135
51136
42945
42946
42947
51142
42950
51143
51144
51145
133065
51146
133066
51147
133067
51148
133068
51149
133069
51150
133070
51151
51152
51153
51154
51155
51156
51157
51158
51159
51160
51161
51162
51163
51164
51165
42973
51166
51167
51168
51169
51170
51171
51172
51173
51174
51175
51176
75753
75754
108522
75755
108523
104427
75756
108524
104428
75757
108525
75758
108526
108527
104451
104452
104453
104454
104455
104458
88077
88078
88079
88080
88081
88082
129069
129070
129071
116784
129072
116785
129073
116786
129074
116787
116788
116789
104523
104524
104525
104526
63567
104527
63568
63569
63570
63571
63572
63573
63574
63575
63576
63577
96345
63578
96346
96347
96348
96349
96350
108660
55413
108661
55414
108662
55415
108663
55416
108664
55417
108665
55418
55419
55420
55421
55422
55423
55424
63645
63646
63647
129183
63648
129184
63649
129185
63650
129186
129187
129188
67749
67750
67751
67752
67753
67754
96429
96430
96431
96432
96433
96434
108726
108727
108728
133305
108729
133306
108730
133307
108731
133308
133309
133310
55491
55492
55493
55494
55495
55496
55497
55498
55499
55500
55501
55502
47336
47337
47340
92397
67821
92398
67822
47342
92399
67823
47343
92400
67824
92401
51441
67825
92402
51442
67826
47346
51443
51444
51445
51446
71931
71932
71933
71934
108798
71935
108799
71936
108800
71937
108801
71938
108802
71939
108803
71940
71941
71942
129309
129310
129311
129312
129313
129314
43300
43302
43303
43306
43307
43309
51519
51520
108864
92481
51521
108865
92482
51522
108866
92483
51523
108867
92484
51524
108868
51525
92485
108869
51526
92486
51527
51528
51529
72009
51530
72010
72011
72012
72013
72014
104830
104831
104833
104835
104838
104839
108936
104840
108937
104841
108938
104842
108939
104843
108940
104844
108941
104845
104846
129423
104847
129424
104848
129425
104849
129426
104850
129427
104851
129428
104852
104853
129429
129430
59799
129431
59800
129432
59801
129433
59802
104858
129434
59803
104859
59804
88485
88486
104870
88487
104871
88488
104872
88489
133545
104873
88490
133546
104874
133547
104875
133548
133549
104877
133550
104880
104883
104884
104885
104886
104887
104888
104889
104890
104891
104892
104893
104894
104895
104896
104897
104898
104899
104900
104901
104902
104903
104904
76233
104905
76234
109002
104906
76235
109003
104907
76236
109004
104908
76237
109005
104909
76238
109006
104910
109007
104911
104912
104913
104914
104915
104916
104917
104919
47575
104925
104933
104935
104936
59883
104939
59884
59885
59886
104942
59887
104943
59888
104944
104945
104946
104947
104948
104949
104950
104951
104952
104953
104954
104955
104956
104957
104961
104963
109074
109075
109076
109077
109078
109079
76317
76318
76319
76320
76321
76322
64041
64042
64043
64044
64045
64046
84549
43589
84550
84551
43591
84552
84553
43593
84554
43595
109140
109141
109142
109143
109144
109145
68205
68206
68207
68208
68209
68210
129663
129664
129665
129666
129667
129668
129669
129670
129671
129672
129673
129674
84633
96921
84634
96922
43674
84635
96923
84636
96924
109212
84637
96925
109213
84638
96926
109214
109215
109216
109217
105127
105128
105129
105130
105131
105132
105133
105134
105135
105136
105137
105138
105139
105140
55989
105141
55990
105142
55991
105143
55992
105144
55993
105145
55994
105146
68283
105147
68284
105148
68285
105149
68286
105150
68287
105151
68288
80589
80590
80591
80592
80593
80594
105175
105176
92889
105177
92890
105178
92891
105179
92892
105180
92893
105181
92894
109278
105182
109279
105183
109280
105184
109281
105185
109282
105186
109283
105187
105188
105189
105190
105191
105192
105193
105194
105195
105196
105197
47860
47861
47864
47865
105234
105235
105236
105237
105238
105239
109350
80679
92967
109351
80680
92968
109352
80681
92969
109353
80682
92970
109354
80683
92971
109355
80684
92972
92973
92974
92975
92976
92977
92978
109416
109417
109418
109419
109420
109421
129903
129904
129905
129906
129907
129908
60285
60286
60287
60288
60289
60290
60291
60292
60293
60294
60295
60296
109488
109489
109490
109491
109492
109493
43999
89061
89062
89063
89064
89065
89066
130029
130030
130031
130032
64497
130033
64498
109554
130034
64499
109555
64500
109556
64501
109557
64502
109558
64503
109559
64504
64505
64506
64507
64508
76797
76798
76799
76800
76801
76802
105498
105499
105500
105501
105502
105503
109626
109627
109628
97341
109629
97342
109630
97343
64575
109631
97344
64576
97345
64577
68673
97346
64578
68674
64579
68675
64580
68676
68677
68678
130143
130144
130145
130146
130147
130148
56475
56476
56477
56478
56479
56480
56481
56482
72867
56483
72868
56484
72869
56485
72870
56486
72871
72872
109758
93375
109759
93376
109760
93377
109761
93378
109762
93379
109763
93380
44238
44239
44242
44244
44247
44248
44251
130269
130270
130271
130272
130273
130274
113898
113899
113900
113901
113902
113903
93453
93454
93455
93456
93457
93458
93459
93460
93461
93462
93463
93464
44312
44313
44316
44317
44318
105762
52515
105763
52516
105764
52517
105765
52518
105766
52519
105767
52520
52521
52522
52523
52524
52525
52526
109890
109891
109892
109893
109894
109895
130383
130384
130385
130386
130387
130388
89463
89464
89465
89466
89467
89468
60831
60832
60833
60834
60835
60836
110016
110017
110018
110019
110020
64965
110021
64966
64967
64968
64969
64970
130509
130510
130511
130512
130513
130514
69129
69130
69131
69132
69133
69134
69135
69136
69137
69138
69139
69140
44571
44572
85533
85534
85535
44575
85536
44576
85537
85538
106026
106027
106028
106029
106030
106031
56889
56890
56891
56892
56893
56894
110142
56895
110143
56896
110144
56897
110145
56898
110146
56899
110147
56900
85617
85618
85619
85620
85621
85622
56973
56974
56975
56976
56977
56978
93861
93862
93863
93864
93865
93866
81585
81586
81587
81588
81589
81590
110268
130749
110269
130750
110270
130751
110271
130752
110272
130753
110273
130754
130755
130756
130757
130758
130759
130760
52941
52942
52943
52944
52945
73425
52946
73426
73427
73428
73429
73430
93945
93946
93947
93948
93949
93950
81675
81676
81677
81678
81679
81680
53013
53014
53015
53016
53017
53018
61221
61222
61223
61224
61225
61226
61227
61228
61229
61230
61231
61232
106290
106291
106292
106293
106294
106295
110394
130875
110395
130876
110396
130877
110397
130878
110398
130879
110399
130880
77673
77674
77675
77676
77677
77678
65421
65422
65423
65424
65425
65426
65427
65428
65429
65430
65431
65432
90033
90034
90035
90036
90037
90038
106422
106423
110520
106424
110521
106425
110522
106426
110523
106427
110524
77757
110525
77758
77759
131007
77760
131008
77761
131009
77762
131010
131011
131012
65499
65500
65501
65502
65503
65504
)


// ************************************************************************* //
