/*--------------------------------*- C++ -*----------------------------------*\
| =========                 |                                                 |
| \\      /  F ield         | OpenFOAM: The Open Source CFD Toolbox           |
|  \\    /   O peration     | Version:  2406                                  |
|   \\  /    A nd           | Website:  www.openfoam.com                      |
|    \\/     M anipulation  |                                                 |
\*---------------------------------------------------------------------------*/
FoamFile
{
    version     2.0;
    format      ascii;
    arch        "LSB;label=32;scalar=64";
    class       regIOobject;
    location    "constant/polyMesh";
    object      faceZones;
    meta
    {
        names           4 ( moving_coupled_faces stationary_coupled_faces ACMI_moving ACMI_stationary );
    }
}
// * * * * * * * * * * * * * * * * * * * * * * * * * * * * * * * * * * * * * //

4
(moving_coupled_faces
{
    type            faceZone;
    faceLabels      List<label> 0();
    flipMap         List<bool> 0();
}
stationary_coupled_faces
{
    type            faceZone;
    faceLabels      List<label> 0();
    flipMap         List<bool> 0();
}
ACMI_moving
{
    type            faceZone;
    faceLabels      List<label> 
1856
(
390824
390825
390826
390827
390828
390829
390830
390831
390832
390833
390834
390835
390836
390837
390838
390839
390840
390841
390842
390843
390844
390845
390846
390847
390848
390849
390850
390851
390852
390853
390854
390855
390856
390857
390858
390859
390860
390861
390862
390863
390864
390865
390866
390867
390868
390869
390870
390871
390872
390873
390874
390875
390876
390877
390878
390879
390880
390881
390882
390883
390884
390885
390886
390887
390888
390889
390890
390891
390892
390893
390894
390895
390896
390897
390898
390899
390900
390901
390902
390903
390904
390905
390906
390907
390908
390909
390910
390911
390912
390913
390914
390915
390916
390917
390918
390919
390920
390921
390922
390923
390924
390925
390926
390927
390928
390929
390930
390931
390932
390933
390934
390935
390936
390937
390938
390939
390940
390941
390942
390943
390944
390945
390946
390947
390948
390949
390950
390951
390952
390953
390954
390955
390956
390957
390958
390959
390960
390961
390962
390963
390964
390965
390966
390967
390968
390969
390970
390971
390972
390973
390974
390975
390976
390977
390978
390979
390980
390981
390982
390983
390984
390985
390986
390987
390988
390989
390990
390991
390992
390993
390994
390995
390996
390997
390998
390999
391000
391001
391002
391003
391004
391005
391006
391007
391008
391009
391010
391011
391012
391013
391014
391015
391016
391017
391018
391019
391020
391021
391022
391023
391024
391025
391026
391027
391028
391029
391030
391031
391032
391033
391034
391035
391036
391037
391038
391039
391040
391041
391042
391043
391044
391045
391046
391047
391048
391049
391050
391051
391052
391053
391054
391055
391056
391057
391058
391059
391060
391061
391062
391063
391064
391065
391066
391067
391068
391069
391070
391071
391072
391073
391074
391075
391076
391077
391078
391079
391080
391081
391082
391083
391084
391085
391086
391087
391088
391089
391090
391091
391092
391093
391094
391095
391096
391097
391098
391099
391100
391101
391102
391103
391104
391105
391106
391107
391108
391109
391110
391111
391112
391113
391114
391115
391116
391117
391118
391119
391120
391121
391122
391123
391124
391125
391126
391127
391128
391129
391130
391131
391132
391133
391134
391135
391136
391137
391138
391139
391140
391141
391142
391143
391144
391145
391146
391147
391148
391149
391150
391151
391152
391153
391154
391155
391156
391157
391158
391159
391160
391161
391162
391163
391164
391165
391166
391167
391168
391169
391170
391171
391172
391173
391174
391175
391176
391177
391178
391179
391180
391181
391182
391183
391184
391185
391186
391187
391188
391189
391190
391191
391192
391193
391194
391195
391196
391197
391198
391199
391200
391201
391202
391203
391204
391205
391206
391207
391208
391209
391210
391211
391212
391213
391214
391215
391216
391217
391218
391219
391220
391221
391222
391223
391224
391225
391226
391227
391228
391229
391230
391231
391232
391233
391234
391235
391236
391237
391238
391239
391240
391241
391242
391243
391244
391245
391246
391247
391248
391249
391250
391251
391252
391253
391254
391255
391256
391257
391258
391259
391260
391261
391262
391263
391264
391265
391266
391267
391268
391269
391270
391271
391272
391273
391274
391275
391276
391277
391278
391279
391280
391281
391282
391283
391284
391285
391286
391287
391288
391289
391290
391291
391292
391293
391294
391295
391296
391297
391298
391299
391300
391301
391302
391303
391304
391305
391306
391307
391308
391309
391310
391311
391312
391313
391314
391315
391316
391317
391318
391319
391320
391321
391322
391323
391324
391325
391326
391327
391328
391329
391330
391331
391332
391333
391334
391335
391336
391337
391338
391339
391340
391341
391342
391343
391344
391345
391346
391347
391348
391349
391350
391351
391352
391353
391354
391355
391356
391357
391358
391359
391360
391361
391362
391363
391364
391365
391366
391367
391368
391369
391370
391371
391372
391373
391374
391375
391376
391377
391378
391379
391380
391381
391382
391383
391384
391385
391386
391387
391388
391389
391390
391391
391392
391393
391394
391395
391396
391397
391398
391399
391400
391401
391402
391403
391404
391405
391406
391407
391408
391409
391410
391411
391412
391413
391414
391415
391416
391417
391418
391419
391420
391421
391422
391423
391424
391425
391426
391427
391428
391429
391430
391431
391432
391433
391434
391435
391436
391437
391438
391439
391440
391441
391442
391443
391444
391445
391446
391447
391448
391449
391450
391451
391452
391453
391454
391455
391456
391457
391458
391459
391460
391461
391462
391463
391464
391465
391466
391467
391468
391469
391470
391471
391472
391473
391474
391475
391476
391477
391478
391479
391480
391481
391482
391483
391484
391485
391486
391487
391488
391489
391490
391491
391492
391493
391494
391495
391496
391497
391498
391499
391500
391501
391502
391503
391504
391505
391506
391507
391508
391509
391510
391511
391512
391513
391514
391515
391516
391517
391518
391519
391520
391521
391522
391523
391524
391525
391526
391527
391528
391529
391530
391531
391532
391533
391534
391535
391536
391537
391538
391539
391540
391541
391542
391543
391544
391545
391546
391547
391548
391549
391550
391551
391552
391553
391554
391555
391556
391557
391558
391559
391560
391561
391562
391563
391564
391565
391566
391567
391568
391569
391570
391571
391572
391573
391574
391575
391576
391577
391578
391579
391580
391581
391582
391583
391584
391585
391586
391587
391588
391589
391590
391591
391592
391593
391594
391595
391596
391597
391598
391599
391600
391601
391602
391603
391604
391605
391606
391607
391608
391609
391610
391611
391612
391613
391614
391615
391616
391617
391618
391619
391620
391621
391622
391623
391624
391625
391626
391627
391628
391629
391630
391631
391632
391633
391634
391635
391636
391637
391638
391639
391640
391641
391642
391643
391644
391645
391646
391647
391648
391649
391650
391651
391652
391653
391654
391655
391656
391657
391658
391659
391660
391661
391662
391663
391664
391665
391666
391667
391668
391669
391670
391671
391672
391673
391674
391675
391676
391677
391678
391679
391680
391681
391682
391683
391684
391685
391686
391687
391688
391689
391690
391691
391692
391693
391694
391695
391696
391697
391698
391699
391700
391701
391702
391703
391704
391705
391706
391707
391708
391709
391710
391711
391712
391713
391714
391715
391716
391717
391718
391719
391720
391721
391722
391723
391724
391725
391726
391727
391728
391729
391730
391731
391732
391733
391734
391735
391736
391737
391738
391739
391740
391741
391742
391743
391744
391745
391746
391747
391748
391749
391750
391751
391752
391753
391754
391755
391756
391757
391758
391759
391760
391761
391762
391763
391764
391765
391766
391767
391768
391769
391770
391771
391772
391773
391774
391775
391776
391777
391778
391779
391780
391781
391782
391783
391784
391785
391786
391787
391788
391789
391790
391791
391792
391793
391794
391795
391796
391797
391798
391799
391800
391801
391802
391803
391804
391805
391806
391807
391808
391809
391810
391811
391812
391813
391814
391815
391816
391817
391818
391819
391820
391821
391822
391823
391824
391825
391826
391827
391828
391829
391830
391831
391832
391833
391834
391835
391836
391837
391838
391839
391840
391841
391842
391843
391844
391845
391846
391847
391848
391849
391850
391851
391852
391853
391854
391855
391856
391857
391858
391859
391860
391861
391862
391863
391864
391865
391866
391867
391868
391869
391870
391871
391872
391873
391874
391875
391876
391877
391878
391879
391880
391881
391882
391883
391884
391885
391886
391887
391888
391889
391890
391891
391892
391893
391894
391895
391896
391897
391898
391899
391900
391901
391902
391903
391904
391905
391906
391907
391908
391909
391910
391911
391912
391913
391914
391915
391916
391917
391918
391919
391920
391921
391922
391923
391924
391925
391926
391927
391928
391929
391930
391931
391932
391933
391934
391935
391936
391937
391938
391939
391940
391941
391942
391943
391944
391945
391946
391947
391948
391949
391950
391951
391952
391953
391954
391955
391956
391957
391958
391959
391960
391961
391962
391963
391964
391965
391966
391967
391968
391969
391970
391971
391972
391973
391974
391975
391976
391977
391978
391979
391980
391981
391982
391983
391984
391985
391986
391987
391988
391989
391990
391991
391992
391993
391994
391995
391996
391997
391998
391999
392000
392001
392002
392003
392004
392005
392006
392007
392008
392009
392010
392011
392012
392013
392014
392015
392016
392017
392018
392019
392020
392021
392022
392023
392024
392025
392026
392027
392028
392029
392030
392031
392032
392033
392034
392035
392036
392037
392038
392039
392040
392041
392042
392043
392044
392045
392046
392047
392048
392049
392050
392051
392052
392053
392054
392055
392056
392057
392058
392059
392060
392061
392062
392063
392064
392065
392066
392067
392068
392069
392070
392071
392072
392073
392074
392075
392076
392077
392078
392079
392080
392081
392082
392083
392084
392085
392086
392087
392088
392089
392090
392091
392092
392093
392094
392095
392096
392097
392098
392099
392100
392101
392102
392103
392104
392105
392106
392107
392108
392109
392110
392111
392112
392113
392114
392115
392116
392117
392118
392119
392120
392121
392122
392123
392124
392125
392126
392127
392128
392129
392130
392131
392132
392133
392134
392135
392136
392137
392138
392139
392140
392141
392142
392143
392144
392145
392146
392147
392148
392149
392150
392151
392152
392153
392154
392155
392156
392157
392158
392159
392160
392161
392162
392163
392164
392165
392166
392167
392168
392169
392170
392171
392172
392173
392174
392175
392176
392177
392178
392179
392180
392181
392182
392183
392184
392185
392186
392187
392188
392189
392190
392191
392192
392193
392194
392195
392196
392197
392198
392199
392200
392201
392202
392203
392204
392205
392206
392207
392208
392209
392210
392211
392212
392213
392214
392215
392216
392217
392218
392219
392220
392221
392222
392223
392224
392225
392226
392227
392228
392229
392230
392231
392232
392233
392234
392235
392236
392237
392238
392239
392240
392241
392242
392243
392244
392245
392246
392247
392248
392249
392250
392251
392252
392253
392254
392255
392256
392257
392258
392259
392260
392261
392262
392263
392264
392265
392266
392267
392268
392269
392270
392271
392272
392273
392274
392275
392276
392277
392278
392279
392280
392281
392282
392283
392284
392285
392286
392287
392288
392289
392290
392291
392292
392293
392294
392295
392296
392297
392298
392299
392300
392301
392302
392303
392304
392305
392306
392307
392308
392309
392310
392311
392312
392313
392314
392315
392316
392317
392318
392319
392320
392321
392322
392323
392324
392325
392326
392327
392328
392329
392330
392331
392332
392333
392334
392335
392336
392337
392338
392339
392340
392341
392342
392343
392344
392345
392346
392347
392348
392349
392350
392351
392352
392353
392354
392355
392356
392357
392358
392359
392360
392361
392362
392363
392364
392365
392366
392367
392368
392369
392370
392371
392372
392373
392374
392375
392376
392377
392378
392379
392380
392381
392382
392383
392384
392385
392386
392387
392388
392389
392390
392391
392392
392393
392394
392395
392396
392397
392398
392399
392400
392401
392402
392403
392404
392405
392406
392407
392408
392409
392410
392411
392412
392413
392414
392415
392416
392417
392418
392419
392420
392421
392422
392423
392424
392425
392426
392427
392428
392429
392430
392431
392432
392433
392434
392435
392436
392437
392438
392439
392440
392441
392442
392443
392444
392445
392446
392447
392448
392449
392450
392451
392452
392453
392454
392455
392456
392457
392458
392459
392460
392461
392462
392463
392464
392465
392466
392467
392468
392469
392470
392471
392472
392473
392474
392475
392476
392477
392478
392479
392480
392481
392482
392483
392484
392485
392486
392487
392488
392489
392490
392491
392492
392493
392494
392495
392496
392497
392498
392499
392500
392501
392502
392503
392504
392505
392506
392507
392508
392509
392510
392511
392512
392513
392514
392515
392516
392517
392518
392519
392520
392521
392522
392523
392524
392525
392526
392527
392528
392529
392530
392531
392532
392533
392534
392535
392536
392537
392538
392539
392540
392541
392542
392543
392544
392545
392546
392547
392548
392549
392550
392551
392552
392553
392554
392555
392556
392557
392558
392559
392560
392561
392562
392563
392564
392565
392566
392567
392568
392569
392570
392571
392572
392573
392574
392575
392576
392577
392578
392579
392580
392581
392582
392583
392584
392585
392586
392587
392588
392589
392590
392591
392592
392593
392594
392595
392596
392597
392598
392599
392600
392601
392602
392603
392604
392605
392606
392607
392608
392609
392610
392611
392612
392613
392614
392615
392616
392617
392618
392619
392620
392621
392622
392623
392624
392625
392626
392627
392628
392629
392630
392631
392632
392633
392634
392635
392636
392637
392638
392639
392640
392641
392642
392643
392644
392645
392646
392647
392648
392649
392650
392651
392652
392653
392654
392655
392656
392657
392658
392659
392660
392661
392662
392663
392664
392665
392666
392667
392668
392669
392670
392671
392672
392673
392674
392675
392676
392677
392678
392679
)
;
    flipMap         List<bool> 1856{0};
}
ACMI_stationary
{
    type            faceZone;
    faceLabels      List<label> 
4592
(
392680
392681
392682
392683
392684
392685
392686
392687
392688
392689
392690
392691
392692
392693
392694
392695
392696
392697
392698
392699
392700
392701
392702
392703
392704
392705
392706
392707
392708
392709
392710
392711
392712
392713
392714
392715
392716
392717
392718
392719
392720
392721
392722
392723
392724
392725
392726
392727
392728
392729
392730
392731
392732
392733
392734
392735
392736
392737
392738
392739
392740
392741
392742
392743
392744
392745
392746
392747
392748
392749
392750
392751
392752
392753
392754
392755
392756
392757
392758
392759
392760
392761
392762
392763
392764
392765
392766
392767
392768
392769
392770
392771
392772
392773
392774
392775
392776
392777
392778
392779
392780
392781
392782
392783
392784
392785
392786
392787
392788
392789
392790
392791
392792
392793
392794
392795
392796
392797
392798
392799
392800
392801
392802
392803
392804
392805
392806
392807
392808
392809
392810
392811
392812
392813
392814
392815
392816
392817
392818
392819
392820
392821
392822
392823
392824
392825
392826
392827
392828
392829
392830
392831
392832
392833
392834
392835
392836
392837
392838
392839
392840
392841
392842
392843
392844
392845
392846
392847
392848
392849
392850
392851
392852
392853
392854
392855
392856
392857
392858
392859
392860
392861
392862
392863
392864
392865
392866
392867
392868
392869
392870
392871
392872
392873
392874
392875
392876
392877
392878
392879
392880
392881
392882
392883
392884
392885
392886
392887
392888
392889
392890
392891
392892
392893
392894
392895
392896
392897
392898
392899
392900
392901
392902
392903
392904
392905
392906
392907
392908
392909
392910
392911
392912
392913
392914
392915
392916
392917
392918
392919
392920
392921
392922
392923
392924
392925
392926
392927
392928
392929
392930
392931
392932
392933
392934
392935
392936
392937
392938
392939
392940
392941
392942
392943
392944
392945
392946
392947
392948
392949
392950
392951
392952
392953
392954
392955
392956
392957
392958
392959
392960
392961
392962
392963
392964
392965
392966
392967
392968
392969
392970
392971
392972
392973
392974
392975
392976
392977
392978
392979
392980
392981
392982
392983
392984
392985
392986
392987
392988
392989
392990
392991
392992
392993
392994
392995
392996
392997
392998
392999
393000
393001
393002
393003
393004
393005
393006
393007
393008
393009
393010
393011
393012
393013
393014
393015
393016
393017
393018
393019
393020
393021
393022
393023
393024
393025
393026
393027
393028
393029
393030
393031
393032
393033
393034
393035
393036
393037
393038
393039
393040
393041
393042
393043
393044
393045
393046
393047
393048
393049
393050
393051
393052
393053
393054
393055
393056
393057
393058
393059
393060
393061
393062
393063
393064
393065
393066
393067
393068
393069
393070
393071
393072
393073
393074
393075
393076
393077
393078
393079
393080
393081
393082
393083
393084
393085
393086
393087
393088
393089
393090
393091
393092
393093
393094
393095
393096
393097
393098
393099
393100
393101
393102
393103
393104
393105
393106
393107
393108
393109
393110
393111
393112
393113
393114
393115
393116
393117
393118
393119
393120
393121
393122
393123
393124
393125
393126
393127
393128
393129
393130
393131
393132
393133
393134
393135
393136
393137
393138
393139
393140
393141
393142
393143
393144
393145
393146
393147
393148
393149
393150
393151
393152
393153
393154
393155
393156
393157
393158
393159
393160
393161
393162
393163
393164
393165
393166
393167
393168
393169
393170
393171
393172
393173
393174
393175
393176
393177
393178
393179
393180
393181
393182
393183
393184
393185
393186
393187
393188
393189
393190
393191
393192
393193
393194
393195
393196
393197
393198
393199
393200
393201
393202
393203
393204
393205
393206
393207
393208
393209
393210
393211
393212
393213
393214
393215
393216
393217
393218
393219
393220
393221
393222
393223
393224
393225
393226
393227
393228
393229
393230
393231
393232
393233
393234
393235
393236
393237
393238
393239
393240
393241
393242
393243
393244
393245
393246
393247
393248
393249
393250
393251
393252
393253
393254
393255
393256
393257
393258
393259
393260
393261
393262
393263
393264
393265
393266
393267
393268
393269
393270
393271
393272
393273
393274
393275
393276
393277
393278
393279
393280
393281
393282
393283
393284
393285
393286
393287
393288
393289
393290
393291
393292
393293
393294
393295
393296
393297
393298
393299
393300
393301
393302
393303
393304
393305
393306
393307
393308
393309
393310
393311
393312
393313
393314
393315
393316
393317
393318
393319
393320
393321
393322
393323
393324
393325
393326
393327
393328
393329
393330
393331
393332
393333
393334
393335
393336
393337
393338
393339
393340
393341
393342
393343
393344
393345
393346
393347
393348
393349
393350
393351
393352
393353
393354
393355
393356
393357
393358
393359
393360
393361
393362
393363
393364
393365
393366
393367
393368
393369
393370
393371
393372
393373
393374
393375
393376
393377
393378
393379
393380
393381
393382
393383
393384
393385
393386
393387
393388
393389
393390
393391
393392
393393
393394
393395
393396
393397
393398
393399
393400
393401
393402
393403
393404
393405
393406
393407
393408
393409
393410
393411
393412
393413
393414
393415
393416
393417
393418
393419
393420
393421
393422
393423
393424
393425
393426
393427
393428
393429
393430
393431
393432
393433
393434
393435
393436
393437
393438
393439
393440
393441
393442
393443
393444
393445
393446
393447
393448
393449
393450
393451
393452
393453
393454
393455
393456
393457
393458
393459
393460
393461
393462
393463
393464
393465
393466
393467
393468
393469
393470
393471
393472
393473
393474
393475
393476
393477
393478
393479
393480
393481
393482
393483
393484
393485
393486
393487
393488
393489
393490
393491
393492
393493
393494
393495
393496
393497
393498
393499
393500
393501
393502
393503
393504
393505
393506
393507
393508
393509
393510
393511
393512
393513
393514
393515
393516
393517
393518
393519
393520
393521
393522
393523
393524
393525
393526
393527
393528
393529
393530
393531
393532
393533
393534
393535
393536
393537
393538
393539
393540
393541
393542
393543
393544
393545
393546
393547
393548
393549
393550
393551
393552
393553
393554
393555
393556
393557
393558
393559
393560
393561
393562
393563
393564
393565
393566
393567
393568
393569
393570
393571
393572
393573
393574
393575
393576
393577
393578
393579
393580
393581
393582
393583
393584
393585
393586
393587
393588
393589
393590
393591
393592
393593
393594
393595
393596
393597
393598
393599
393600
393601
393602
393603
393604
393605
393606
393607
393608
393609
393610
393611
393612
393613
393614
393615
393616
393617
393618
393619
393620
393621
393622
393623
393624
393625
393626
393627
393628
393629
393630
393631
393632
393633
393634
393635
393636
393637
393638
393639
393640
393641
393642
393643
393644
393645
393646
393647
393648
393649
393650
393651
393652
393653
393654
393655
393656
393657
393658
393659
393660
393661
393662
393663
393664
393665
393666
393667
393668
393669
393670
393671
393672
393673
393674
393675
393676
393677
393678
393679
393680
393681
393682
393683
393684
393685
393686
393687
393688
393689
393690
393691
393692
393693
393694
393695
393696
393697
393698
393699
393700
393701
393702
393703
393704
393705
393706
393707
393708
393709
393710
393711
393712
393713
393714
393715
393716
393717
393718
393719
393720
393721
393722
393723
393724
393725
393726
393727
393728
393729
393730
393731
393732
393733
393734
393735
393736
393737
393738
393739
393740
393741
393742
393743
393744
393745
393746
393747
393748
393749
393750
393751
393752
393753
393754
393755
393756
393757
393758
393759
393760
393761
393762
393763
393764
393765
393766
393767
393768
393769
393770
393771
393772
393773
393774
393775
393776
393777
393778
393779
393780
393781
393782
393783
393784
393785
393786
393787
393788
393789
393790
393791
393792
393793
393794
393795
393796
393797
393798
393799
393800
393801
393802
393803
393804
393805
393806
393807
393808
393809
393810
393811
393812
393813
393814
393815
393816
393817
393818
393819
393820
393821
393822
393823
393824
393825
393826
393827
393828
393829
393830
393831
393832
393833
393834
393835
393836
393837
393838
393839
393840
393841
393842
393843
393844
393845
393846
393847
393848
393849
393850
393851
393852
393853
393854
393855
393856
393857
393858
393859
393860
393861
393862
393863
393864
393865
393866
393867
393868
393869
393870
393871
393872
393873
393874
393875
393876
393877
393878
393879
393880
393881
393882
393883
393884
393885
393886
393887
393888
393889
393890
393891
393892
393893
393894
393895
393896
393897
393898
393899
393900
393901
393902
393903
393904
393905
393906
393907
393908
393909
393910
393911
393912
393913
393914
393915
393916
393917
393918
393919
393920
393921
393922
393923
393924
393925
393926
393927
393928
393929
393930
393931
393932
393933
393934
393935
393936
393937
393938
393939
393940
393941
393942
393943
393944
393945
393946
393947
393948
393949
393950
393951
393952
393953
393954
393955
393956
393957
393958
393959
393960
393961
393962
393963
393964
393965
393966
393967
393968
393969
393970
393971
393972
393973
393974
393975
393976
393977
393978
393979
393980
393981
393982
393983
393984
393985
393986
393987
393988
393989
393990
393991
393992
393993
393994
393995
393996
393997
393998
393999
394000
394001
394002
394003
394004
394005
394006
394007
394008
394009
394010
394011
394012
394013
394014
394015
394016
394017
394018
394019
394020
394021
394022
394023
394024
394025
394026
394027
394028
394029
394030
394031
394032
394033
394034
394035
394036
394037
394038
394039
394040
394041
394042
394043
394044
394045
394046
394047
394048
394049
394050
394051
394052
394053
394054
394055
394056
394057
394058
394059
394060
394061
394062
394063
394064
394065
394066
394067
394068
394069
394070
394071
394072
394073
394074
394075
394076
394077
394078
394079
394080
394081
394082
394083
394084
394085
394086
394087
394088
394089
394090
394091
394092
394093
394094
394095
394096
394097
394098
394099
394100
394101
394102
394103
394104
394105
394106
394107
394108
394109
394110
394111
394112
394113
394114
394115
394116
394117
394118
394119
394120
394121
394122
394123
394124
394125
394126
394127
394128
394129
394130
394131
394132
394133
394134
394135
394136
394137
394138
394139
394140
394141
394142
394143
394144
394145
394146
394147
394148
394149
394150
394151
394152
394153
394154
394155
394156
394157
394158
394159
394160
394161
394162
394163
394164
394165
394166
394167
394168
394169
394170
394171
394172
394173
394174
394175
394176
394177
394178
394179
394180
394181
394182
394183
394184
394185
394186
394187
394188
394189
394190
394191
394192
394193
394194
394195
394196
394197
394198
394199
394200
394201
394202
394203
394204
394205
394206
394207
394208
394209
394210
394211
394212
394213
394214
394215
394216
394217
394218
394219
394220
394221
394222
394223
394224
394225
394226
394227
394228
394229
394230
394231
394232
394233
394234
394235
394236
394237
394238
394239
394240
394241
394242
394243
394244
394245
394246
394247
394248
394249
394250
394251
394252
394253
394254
394255
394256
394257
394258
394259
394260
394261
394262
394263
394264
394265
394266
394267
394268
394269
394270
394271
394272
394273
394274
394275
394276
394277
394278
394279
394280
394281
394282
394283
394284
394285
394286
394287
394288
394289
394290
394291
394292
394293
394294
394295
394296
394297
394298
394299
394300
394301
394302
394303
394304
394305
394306
394307
394308
394309
394310
394311
394312
394313
394314
394315
394316
394317
394318
394319
394320
394321
394322
394323
394324
394325
394326
394327
394328
394329
394330
394331
394332
394333
394334
394335
394336
394337
394338
394339
394340
394341
394342
394343
394344
394345
394346
394347
394348
394349
394350
394351
394352
394353
394354
394355
394356
394357
394358
394359
394360
394361
394362
394363
394364
394365
394366
394367
394368
394369
394370
394371
394372
394373
394374
394375
394376
394377
394378
394379
394380
394381
394382
394383
394384
394385
394386
394387
394388
394389
394390
394391
394392
394393
394394
394395
394396
394397
394398
394399
394400
394401
394402
394403
394404
394405
394406
394407
394408
394409
394410
394411
394412
394413
394414
394415
394416
394417
394418
394419
394420
394421
394422
394423
394424
394425
394426
394427
394428
394429
394430
394431
394432
394433
394434
394435
394436
394437
394438
394439
394440
394441
394442
394443
394444
394445
394446
394447
394448
394449
394450
394451
394452
394453
394454
394455
394456
394457
394458
394459
394460
394461
394462
394463
394464
394465
394466
394467
394468
394469
394470
394471
394472
394473
394474
394475
394476
394477
394478
394479
394480
394481
394482
394483
394484
394485
394486
394487
394488
394489
394490
394491
394492
394493
394494
394495
394496
394497
394498
394499
394500
394501
394502
394503
394504
394505
394506
394507
394508
394509
394510
394511
394512
394513
394514
394515
394516
394517
394518
394519
394520
394521
394522
394523
394524
394525
394526
394527
394528
394529
394530
394531
394532
394533
394534
394535
394536
394537
394538
394539
394540
394541
394542
394543
394544
394545
394546
394547
394548
394549
394550
394551
394552
394553
394554
394555
394556
394557
394558
394559
394560
394561
394562
394563
394564
394565
394566
394567
394568
394569
394570
394571
394572
394573
394574
394575
394576
394577
394578
394579
394580
394581
394582
394583
394584
394585
394586
394587
394588
394589
394590
394591
394592
394593
394594
394595
394596
394597
394598
394599
394600
394601
394602
394603
394604
394605
394606
394607
394608
394609
394610
394611
394612
394613
394614
394615
394616
394617
394618
394619
394620
394621
394622
394623
394624
394625
394626
394627
394628
394629
394630
394631
394632
394633
394634
394635
394636
394637
394638
394639
394640
394641
394642
394643
394644
394645
394646
394647
394648
394649
394650
394651
394652
394653
394654
394655
394656
394657
394658
394659
394660
394661
394662
394663
394664
394665
394666
394667
394668
394669
394670
394671
394672
394673
394674
394675
394676
394677
394678
394679
394680
394681
394682
394683
394684
394685
394686
394687
394688
394689
394690
394691
394692
394693
394694
394695
394696
394697
394698
394699
394700
394701
394702
394703
394704
394705
394706
394707
394708
394709
394710
394711
394712
394713
394714
394715
394716
394717
394718
394719
394720
394721
394722
394723
394724
394725
394726
394727
394728
394729
394730
394731
394732
394733
394734
394735
394736
394737
394738
394739
394740
394741
394742
394743
394744
394745
394746
394747
394748
394749
394750
394751
394752
394753
394754
394755
394756
394757
394758
394759
394760
394761
394762
394763
394764
394765
394766
394767
394768
394769
394770
394771
394772
394773
394774
394775
394776
394777
394778
394779
394780
394781
394782
394783
394784
394785
394786
394787
394788
394789
394790
394791
394792
394793
394794
394795
394796
394797
394798
394799
394800
394801
394802
394803
394804
394805
394806
394807
394808
394809
394810
394811
394812
394813
394814
394815
394816
394817
394818
394819
394820
394821
394822
394823
394824
394825
394826
394827
394828
394829
394830
394831
394832
394833
394834
394835
394836
394837
394838
394839
394840
394841
394842
394843
394844
394845
394846
394847
394848
394849
394850
394851
394852
394853
394854
394855
394856
394857
394858
394859
394860
394861
394862
394863
394864
394865
394866
394867
394868
394869
394870
394871
394872
394873
394874
394875
394876
394877
394878
394879
394880
394881
394882
394883
394884
394885
394886
394887
394888
394889
394890
394891
394892
394893
394894
394895
394896
394897
394898
394899
394900
394901
394902
394903
394904
394905
394906
394907
394908
394909
394910
394911
394912
394913
394914
394915
394916
394917
394918
394919
394920
394921
394922
394923
394924
394925
394926
394927
394928
394929
394930
394931
394932
394933
394934
394935
394936
394937
394938
394939
394940
394941
394942
394943
394944
394945
394946
394947
394948
394949
394950
394951
394952
394953
394954
394955
394956
394957
394958
394959
394960
394961
394962
394963
394964
394965
394966
394967
394968
394969
394970
394971
394972
394973
394974
394975
394976
394977
394978
394979
394980
394981
394982
394983
394984
394985
394986
394987
394988
394989
394990
394991
394992
394993
394994
394995
394996
394997
394998
394999
395000
395001
395002
395003
395004
395005
395006
395007
395008
395009
395010
395011
395012
395013
395014
395015
395016
395017
395018
395019
395020
395021
395022
395023
395024
395025
395026
395027
395028
395029
395030
395031
395032
395033
395034
395035
395036
395037
395038
395039
395040
395041
395042
395043
395044
395045
395046
395047
395048
395049
395050
395051
395052
395053
395054
395055
395056
395057
395058
395059
395060
395061
395062
395063
395064
395065
395066
395067
395068
395069
395070
395071
395072
395073
395074
395075
395076
395077
395078
395079
395080
395081
395082
395083
395084
395085
395086
395087
395088
395089
395090
395091
395092
395093
395094
395095
395096
395097
395098
395099
395100
395101
395102
395103
395104
395105
395106
395107
395108
395109
395110
395111
395112
395113
395114
395115
395116
395117
395118
395119
395120
395121
395122
395123
395124
395125
395126
395127
395128
395129
395130
395131
395132
395133
395134
395135
395136
395137
395138
395139
395140
395141
395142
395143
395144
395145
395146
395147
395148
395149
395150
395151
395152
395153
395154
395155
395156
395157
395158
395159
395160
395161
395162
395163
395164
395165
395166
395167
395168
395169
395170
395171
395172
395173
395174
395175
395176
395177
395178
395179
395180
395181
395182
395183
395184
395185
395186
395187
395188
395189
395190
395191
395192
395193
395194
395195
395196
395197
395198
395199
395200
395201
395202
395203
395204
395205
395206
395207
395208
395209
395210
395211
395212
395213
395214
395215
395216
395217
395218
395219
395220
395221
395222
395223
395224
395225
395226
395227
395228
395229
395230
395231
395232
395233
395234
395235
395236
395237
395238
395239
395240
395241
395242
395243
395244
395245
395246
395247
395248
395249
395250
395251
395252
395253
395254
395255
395256
395257
395258
395259
395260
395261
395262
395263
395264
395265
395266
395267
395268
395269
395270
395271
395272
395273
395274
395275
395276
395277
395278
395279
395280
395281
395282
395283
395284
395285
395286
395287
395288
395289
395290
395291
395292
395293
395294
395295
395296
395297
395298
395299
395300
395301
395302
395303
395304
395305
395306
395307
395308
395309
395310
395311
395312
395313
395314
395315
395316
395317
395318
395319
395320
395321
395322
395323
395324
395325
395326
395327
395328
395329
395330
395331
395332
395333
395334
395335
395336
395337
395338
395339
395340
395341
395342
395343
395344
395345
395346
395347
395348
395349
395350
395351
395352
395353
395354
395355
395356
395357
395358
395359
395360
395361
395362
395363
395364
395365
395366
395367
395368
395369
395370
395371
395372
395373
395374
395375
395376
395377
395378
395379
395380
395381
395382
395383
395384
395385
395386
395387
395388
395389
395390
395391
395392
395393
395394
395395
395396
395397
395398
395399
395400
395401
395402
395403
395404
395405
395406
395407
395408
395409
395410
395411
395412
395413
395414
395415
395416
395417
395418
395419
395420
395421
395422
395423
395424
395425
395426
395427
395428
395429
395430
395431
395432
395433
395434
395435
395436
395437
395438
395439
395440
395441
395442
395443
395444
395445
395446
395447
395448
395449
395450
395451
395452
395453
395454
395455
395456
395457
395458
395459
395460
395461
395462
395463
395464
395465
395466
395467
395468
395469
395470
395471
395472
395473
395474
395475
395476
395477
395478
395479
395480
395481
395482
395483
395484
395485
395486
395487
395488
395489
395490
395491
395492
395493
395494
395495
395496
395497
395498
395499
395500
395501
395502
395503
395504
395505
395506
395507
395508
395509
395510
395511
395512
395513
395514
395515
395516
395517
395518
395519
395520
395521
395522
395523
395524
395525
395526
395527
395528
395529
395530
395531
395532
395533
395534
395535
395536
395537
395538
395539
395540
395541
395542
395543
395544
395545
395546
395547
395548
395549
395550
395551
395552
395553
395554
395555
395556
395557
395558
395559
395560
395561
395562
395563
395564
395565
395566
395567
395568
395569
395570
395571
395572
395573
395574
395575
395576
395577
395578
395579
395580
395581
395582
395583
395584
395585
395586
395587
395588
395589
395590
395591
395592
395593
395594
395595
395596
395597
395598
395599
395600
395601
395602
395603
395604
395605
395606
395607
395608
395609
395610
395611
395612
395613
395614
395615
395616
395617
395618
395619
395620
395621
395622
395623
395624
395625
395626
395627
395628
395629
395630
395631
395632
395633
395634
395635
395636
395637
395638
395639
395640
395641
395642
395643
395644
395645
395646
395647
395648
395649
395650
395651
395652
395653
395654
395655
395656
395657
395658
395659
395660
395661
395662
395663
395664
395665
395666
395667
395668
395669
395670
395671
395672
395673
395674
395675
395676
395677
395678
395679
395680
395681
395682
395683
395684
395685
395686
395687
395688
395689
395690
395691
395692
395693
395694
395695
395696
395697
395698
395699
395700
395701
395702
395703
395704
395705
395706
395707
395708
395709
395710
395711
395712
395713
395714
395715
395716
395717
395718
395719
395720
395721
395722
395723
395724
395725
395726
395727
395728
395729
395730
395731
395732
395733
395734
395735
395736
395737
395738
395739
395740
395741
395742
395743
395744
395745
395746
395747
395748
395749
395750
395751
395752
395753
395754
395755
395756
395757
395758
395759
395760
395761
395762
395763
395764
395765
395766
395767
395768
395769
395770
395771
395772
395773
395774
395775
395776
395777
395778
395779
395780
395781
395782
395783
395784
395785
395786
395787
395788
395789
395790
395791
395792
395793
395794
395795
395796
395797
395798
395799
395800
395801
395802
395803
395804
395805
395806
395807
395808
395809
395810
395811
395812
395813
395814
395815
395816
395817
395818
395819
395820
395821
395822
395823
395824
395825
395826
395827
395828
395829
395830
395831
395832
395833
395834
395835
395836
395837
395838
395839
395840
395841
395842
395843
395844
395845
395846
395847
395848
395849
395850
395851
395852
395853
395854
395855
395856
395857
395858
395859
395860
395861
395862
395863
395864
395865
395866
395867
395868
395869
395870
395871
395872
395873
395874
395875
395876
395877
395878
395879
395880
395881
395882
395883
395884
395885
395886
395887
395888
395889
395890
395891
395892
395893
395894
395895
395896
395897
395898
395899
395900
395901
395902
395903
395904
395905
395906
395907
395908
395909
395910
395911
395912
395913
395914
395915
395916
395917
395918
395919
395920
395921
395922
395923
395924
395925
395926
395927
395928
395929
395930
395931
395932
395933
395934
395935
395936
395937
395938
395939
395940
395941
395942
395943
395944
395945
395946
395947
395948
395949
395950
395951
395952
395953
395954
395955
395956
395957
395958
395959
395960
395961
395962
395963
395964
395965
395966
395967
395968
395969
395970
395971
395972
395973
395974
395975
395976
395977
395978
395979
395980
395981
395982
395983
395984
395985
395986
395987
395988
395989
395990
395991
395992
395993
395994
395995
395996
395997
395998
395999
396000
396001
396002
396003
396004
396005
396006
396007
396008
396009
396010
396011
396012
396013
396014
396015
396016
396017
396018
396019
396020
396021
396022
396023
396024
396025
396026
396027
396028
396029
396030
396031
396032
396033
396034
396035
396036
396037
396038
396039
396040
396041
396042
396043
396044
396045
396046
396047
396048
396049
396050
396051
396052
396053
396054
396055
396056
396057
396058
396059
396060
396061
396062
396063
396064
396065
396066
396067
396068
396069
396070
396071
396072
396073
396074
396075
396076
396077
396078
396079
396080
396081
396082
396083
396084
396085
396086
396087
396088
396089
396090
396091
396092
396093
396094
396095
396096
396097
396098
396099
396100
396101
396102
396103
396104
396105
396106
396107
396108
396109
396110
396111
396112
396113
396114
396115
396116
396117
396118
396119
396120
396121
396122
396123
396124
396125
396126
396127
396128
396129
396130
396131
396132
396133
396134
396135
396136
396137
396138
396139
396140
396141
396142
396143
396144
396145
396146
396147
396148
396149
396150
396151
396152
396153
396154
396155
396156
396157
396158
396159
396160
396161
396162
396163
396164
396165
396166
396167
396168
396169
396170
396171
396172
396173
396174
396175
396176
396177
396178
396179
396180
396181
396182
396183
396184
396185
396186
396187
396188
396189
396190
396191
396192
396193
396194
396195
396196
396197
396198
396199
396200
396201
396202
396203
396204
396205
396206
396207
396208
396209
396210
396211
396212
396213
396214
396215
396216
396217
396218
396219
396220
396221
396222
396223
396224
396225
396226
396227
396228
396229
396230
396231
396232
396233
396234
396235
396236
396237
396238
396239
396240
396241
396242
396243
396244
396245
396246
396247
396248
396249
396250
396251
396252
396253
396254
396255
396256
396257
396258
396259
396260
396261
396262
396263
396264
396265
396266
396267
396268
396269
396270
396271
396272
396273
396274
396275
396276
396277
396278
396279
396280
396281
396282
396283
396284
396285
396286
396287
396288
396289
396290
396291
396292
396293
396294
396295
396296
396297
396298
396299
396300
396301
396302
396303
396304
396305
396306
396307
396308
396309
396310
396311
396312
396313
396314
396315
396316
396317
396318
396319
396320
396321
396322
396323
396324
396325
396326
396327
396328
396329
396330
396331
396332
396333
396334
396335
396336
396337
396338
396339
396340
396341
396342
396343
396344
396345
396346
396347
396348
396349
396350
396351
396352
396353
396354
396355
396356
396357
396358
396359
396360
396361
396362
396363
396364
396365
396366
396367
396368
396369
396370
396371
396372
396373
396374
396375
396376
396377
396378
396379
396380
396381
396382
396383
396384
396385
396386
396387
396388
396389
396390
396391
396392
396393
396394
396395
396396
396397
396398
396399
396400
396401
396402
396403
396404
396405
396406
396407
396408
396409
396410
396411
396412
396413
396414
396415
396416
396417
396418
396419
396420
396421
396422
396423
396424
396425
396426
396427
396428
396429
396430
396431
396432
396433
396434
396435
396436
396437
396438
396439
396440
396441
396442
396443
396444
396445
396446
396447
396448
396449
396450
396451
396452
396453
396454
396455
396456
396457
396458
396459
396460
396461
396462
396463
396464
396465
396466
396467
396468
396469
396470
396471
396472
396473
396474
396475
396476
396477
396478
396479
396480
396481
396482
396483
396484
396485
396486
396487
396488
396489
396490
396491
396492
396493
396494
396495
396496
396497
396498
396499
396500
396501
396502
396503
396504
396505
396506
396507
396508
396509
396510
396511
396512
396513
396514
396515
396516
396517
396518
396519
396520
396521
396522
396523
396524
396525
396526
396527
396528
396529
396530
396531
396532
396533
396534
396535
396536
396537
396538
396539
396540
396541
396542
396543
396544
396545
396546
396547
396548
396549
396550
396551
396552
396553
396554
396555
396556
396557
396558
396559
396560
396561
396562
396563
396564
396565
396566
396567
396568
396569
396570
396571
396572
396573
396574
396575
396576
396577
396578
396579
396580
396581
396582
396583
396584
396585
396586
396587
396588
396589
396590
396591
396592
396593
396594
396595
396596
396597
396598
396599
396600
396601
396602
396603
396604
396605
396606
396607
396608
396609
396610
396611
396612
396613
396614
396615
396616
396617
396618
396619
396620
396621
396622
396623
396624
396625
396626
396627
396628
396629
396630
396631
396632
396633
396634
396635
396636
396637
396638
396639
396640
396641
396642
396643
396644
396645
396646
396647
396648
396649
396650
396651
396652
396653
396654
396655
396656
396657
396658
396659
396660
396661
396662
396663
396664
396665
396666
396667
396668
396669
396670
396671
396672
396673
396674
396675
396676
396677
396678
396679
396680
396681
396682
396683
396684
396685
396686
396687
396688
396689
396690
396691
396692
396693
396694
396695
396696
396697
396698
396699
396700
396701
396702
396703
396704
396705
396706
396707
396708
396709
396710
396711
396712
396713
396714
396715
396716
396717
396718
396719
396720
396721
396722
396723
396724
396725
396726
396727
396728
396729
396730
396731
396732
396733
396734
396735
396736
396737
396738
396739
396740
396741
396742
396743
396744
396745
396746
396747
396748
396749
396750
396751
396752
396753
396754
396755
396756
396757
396758
396759
396760
396761
396762
396763
396764
396765
396766
396767
396768
396769
396770
396771
396772
396773
396774
396775
396776
396777
396778
396779
396780
396781
396782
396783
396784
396785
396786
396787
396788
396789
396790
396791
396792
396793
396794
396795
396796
396797
396798
396799
396800
396801
396802
396803
396804
396805
396806
396807
396808
396809
396810
396811
396812
396813
396814
396815
396816
396817
396818
396819
396820
396821
396822
396823
396824
396825
396826
396827
396828
396829
396830
396831
396832
396833
396834
396835
396836
396837
396838
396839
396840
396841
396842
396843
396844
396845
396846
396847
396848
396849
396850
396851
396852
396853
396854
396855
396856
396857
396858
396859
396860
396861
396862
396863
396864
396865
396866
396867
396868
396869
396870
396871
396872
396873
396874
396875
396876
396877
396878
396879
396880
396881
396882
396883
396884
396885
396886
396887
396888
396889
396890
396891
396892
396893
396894
396895
396896
396897
396898
396899
396900
396901
396902
396903
396904
396905
396906
396907
396908
396909
396910
396911
396912
396913
396914
396915
396916
396917
396918
396919
396920
396921
396922
396923
396924
396925
396926
396927
396928
396929
396930
396931
396932
396933
396934
396935
396936
396937
396938
396939
396940
396941
396942
396943
396944
396945
396946
396947
396948
396949
396950
396951
396952
396953
396954
396955
396956
396957
396958
396959
396960
396961
396962
396963
396964
396965
396966
396967
396968
396969
396970
396971
396972
396973
396974
396975
396976
396977
396978
396979
396980
396981
396982
396983
396984
396985
396986
396987
396988
396989
396990
396991
396992
396993
396994
396995
396996
396997
396998
396999
397000
397001
397002
397003
397004
397005
397006
397007
397008
397009
397010
397011
397012
397013
397014
397015
397016
397017
397018
397019
397020
397021
397022
397023
397024
397025
397026
397027
397028
397029
397030
397031
397032
397033
397034
397035
397036
397037
397038
397039
397040
397041
397042
397043
397044
397045
397046
397047
397048
397049
397050
397051
397052
397053
397054
397055
397056
397057
397058
397059
397060
397061
397062
397063
397064
397065
397066
397067
397068
397069
397070
397071
397072
397073
397074
397075
397076
397077
397078
397079
397080
397081
397082
397083
397084
397085
397086
397087
397088
397089
397090
397091
397092
397093
397094
397095
397096
397097
397098
397099
397100
397101
397102
397103
397104
397105
397106
397107
397108
397109
397110
397111
397112
397113
397114
397115
397116
397117
397118
397119
397120
397121
397122
397123
397124
397125
397126
397127
397128
397129
397130
397131
397132
397133
397134
397135
397136
397137
397138
397139
397140
397141
397142
397143
397144
397145
397146
397147
397148
397149
397150
397151
397152
397153
397154
397155
397156
397157
397158
397159
397160
397161
397162
397163
397164
397165
397166
397167
397168
397169
397170
397171
397172
397173
397174
397175
397176
397177
397178
397179
397180
397181
397182
397183
397184
397185
397186
397187
397188
397189
397190
397191
397192
397193
397194
397195
397196
397197
397198
397199
397200
397201
397202
397203
397204
397205
397206
397207
397208
397209
397210
397211
397212
397213
397214
397215
397216
397217
397218
397219
397220
397221
397222
397223
397224
397225
397226
397227
397228
397229
397230
397231
397232
397233
397234
397235
397236
397237
397238
397239
397240
397241
397242
397243
397244
397245
397246
397247
397248
397249
397250
397251
397252
397253
397254
397255
397256
397257
397258
397259
397260
397261
397262
397263
397264
397265
397266
397267
397268
397269
397270
397271
)
;
    flipMap         List<bool> 4592{0};
}
)

// ************************************************************************* //
